0.000000000000000000e+00 0.000000000000000000e+00 -1.039019317038700407e+01 -2.342943498603461592e+02 -1.318230327514810938e+02
1.000000000000000000e+00 2.000000000000000042e-02 -1.059156554025425656e+01 -2.344598239433708500e+02 -1.303518072815556366e+02
2.000000000000000000e+00 4.000000000000000083e-02 -1.080382961461348401e+01 -2.346017680818107181e+02 -1.288099631380013363e+02
3.000000000000000000e+00 5.999999999999999778e-02 -1.102433835509598836e+01 -2.347197544276725978e+02 -1.272105302520686507e+02
4.000000000000000000e+00 8.000000000000000167e-02 -1.125044472333305379e+01 -2.348133551329634372e+02 -1.255665385550080799e+02
5.000000000000000000e+00 1.000000000000000056e-01 -1.147950168095598578e+01 -2.348821423496900707e+02 -1.238910179780701526e+02
6.000000000000000000e+00 1.199999999999999956e-01 -1.170886218959607383e+01 -2.349256882298593325e+02 -1.221969984525053690e+02
7.000000000000000000e+00 1.400000000000000133e-01 -1.193587921088461634e+01 -2.349435649254781708e+02 -1.204975099095641582e+02
8.000000000000000000e+00 1.600000000000000033e-01 -1.215790570645291524e+01 -2.349353445885535052e+02 -1.188055822804971484e+02
9.000000000000000000e+00 1.799999999999999933e-01 -1.237229463793225293e+01 -2.349005993710920848e+02 -1.171342454965547120e+02
1.000000000000000000e+01 2.000000000000000111e-01 -1.257639896695393311e+01 -2.348389014251008859e+02 -1.154965294889874343e+02
1.100000000000000000e+01 2.200000000000000011e-01 -1.276882767351911774e+01 -2.347494909581720890e+02 -1.138991703018649559e+02
1.200000000000000000e+01 2.399999999999999911e-01 -1.295321381110842651e+01 -2.346302804002392293e+02 -1.123237284305336772e+02
1.300000000000000000e+01 2.600000000000000089e-01 -1.313444645157235513e+01 -2.344788502368211880e+02 -1.107454704831592096e+02
1.400000000000000000e+01 2.800000000000000266e-01 -1.331741466676139041e+01 -2.342927809534367327e+02 -1.091396630679070796e+02
1.500000000000000000e+01 2.999999999999999889e-01 -1.350700752852602982e+01 -2.340696530356049436e+02 -1.074815727929429698e+02
1.600000000000000000e+01 3.200000000000000067e-01 -1.370657899311541605e+01 -2.338077269251101882e+02 -1.057531347174131753e+02
1.700000000000000000e+01 3.400000000000000244e-01 -1.391334255437335798e+01 -2.335079828888003419e+02 -1.039629577043873212e+02
1.800000000000000000e+01 3.599999999999999867e-01 -1.412297659054230614e+01 -2.331720811497886814e+02 -1.021263190679158441e+02
1.900000000000000000e+01 3.800000000000000044e-01 -1.433115947986473060e+01 -2.328016819311886536e+02 -1.002584961220490527e+02
2.000000000000000000e+01 4.000000000000000222e-01 -1.453356960058309255e+01 -2.323984454561136772e+02 -9.837476618083744029e+01
2.100000000000000000e+01 4.199999999999999845e-01 -1.472697483510672534e+01 -2.319635096912016365e+02 -9.648752911914955632e+01
2.200000000000000000e+01 4.400000000000000022e-01 -1.491250108251252371e+01 -2.314959235771883925e+02 -9.459767505512692765e+01
2.300000000000000000e+01 4.600000000000000200e-01 -1.509236374604423325e+01 -2.309942137983342150e+02 -9.270321666772917979e+01
2.400000000000000000e+01 4.799999999999999822e-01 -1.526877822894561554e+01 -2.304569070388994305e+02 -9.080216663591603776e+01
2.500000000000000000e+01 5.000000000000000000e-01 -1.544395993446043036e+01 -2.298825299831443090e+02 -8.889253763864716973e+01
2.600000000000000000e+01 5.200000000000000178e-01 -1.561958151593488786e+01 -2.292694532898665614e+02 -8.697193664333731533e+01
2.700000000000000000e+01 5.400000000000000355e-01 -1.579514462712498357e+01 -2.286154235160132657e+02 -8.503634777122121591e+01
2.800000000000000000e+01 5.600000000000000533e-01 -1.596960817188915271e+01 -2.279180311930688276e+02 -8.308134943198868427e+01
2.900000000000000000e+01 5.799999999999999600e-01 -1.614193105408584827e+01 -2.271748668525176811e+02 -8.110252003532951903e+01
3.000000000000000000e+01 5.999999999999999778e-01 -1.631107217757350725e+01 -2.263835210258442885e+02 -7.909543799093347616e+01
3.100000000000000000e+01 6.199999999999999956e-01 -1.647612773043797318e+01 -2.255436871625643107e+02 -7.705951393382166259e+01
3.200000000000000000e+01 6.400000000000000133e-01 -1.663674303767466256e+01 -2.246634703843181171e+02 -7.500948740034029072e+01
3.300000000000000000e+01 6.600000000000000311e-01 -1.679270070850639129e+01 -2.237530787307773323e+02 -7.296393015216676758e+01
3.400000000000000000e+01 6.800000000000000488e-01 -1.694378335215598241e+01 -2.228227202416137231e+02 -7.094141395097861391e+01
3.500000000000000000e+01 7.000000000000000666e-01 -1.708977357784625184e+01 -2.218826029564987437e+02 -6.896051055845325095e+01
3.600000000000000000e+01 7.199999999999999734e-01 -1.723061231664612336e+01 -2.209383843341441889e+02 -6.703191807693640669e+01
3.700000000000000000e+01 7.399999999999999911e-01 -1.736687378700893802e+01 -2.199775195094218532e+02 -6.513483997144659554e+01
3.800000000000000000e+01 7.600000000000000089e-01 -1.749929052923413408e+01 -2.189829130362435592e+02 -6.324060604767057470e+01
3.900000000000000000e+01 7.800000000000000266e-01 -1.762859508362115690e+01 -2.179374694685211580e+02 -6.132054611129508714e+01
4.000000000000000000e+01 8.000000000000000444e-01 -1.775551999046945539e+01 -2.168240933601665006e+02 -5.934598996800689719e+01
4.100000000000000000e+01 8.200000000000000622e-01 -1.788057254392381168e+01 -2.156299720706487619e+02 -5.729615796460740285e+01
4.200000000000000000e+01 8.399999999999999689e-01 -1.800335905351040111e+01 -2.143594241816660713e+02 -5.518183261235660808e+01
4.300000000000000000e+01 8.599999999999999867e-01 -1.812326058260072870e+01 -2.130210510804739386e+02 -5.302168696362914346e+01
4.400000000000000000e+01 8.800000000000000044e-01 -1.823965819456630300e+01 -2.116234541543277885e+02 -5.083439407079963956e+01
4.500000000000000000e+01 9.000000000000000222e-01 -1.835193295277863257e+01 -2.101752347904831879e+02 -4.863862698624276248e+01
4.600000000000000000e+01 9.200000000000000400e-01 -1.845946838606374385e+01 -2.086833399095497157e+02 -4.644928618716625834e+01
4.700000000000000000e+01 9.400000000000000577e-01 -1.856165788506562109e+01 -2.071480985655535108e+02 -4.426618185011037099e+01
4.800000000000000000e+01 9.599999999999999645e-01 -1.865789730588279483e+01 -2.055681853458751789e+02 -4.208535157644848113e+01
4.900000000000000000e+01 9.799999999999999822e-01 -1.874758250461376008e+01 -2.039422748378948995e+02 -3.990283296755389841e+01
5.000000000000000000e+01 1.000000000000000000e+00 -1.883010933735703318e+01 -2.022690416289932216e+02 -3.771466362480000356e+01
5.100000000000000000e+01 1.020000000000000018e+00 -1.890522086836197602e+01 -2.005461895848262088e+02 -3.551706716276715525e+01
5.200000000000000000e+01 1.040000000000000036e+00 -1.897404899448136106e+01 -1.987675396841525526e+02 -3.330701124886363829e+01
5.300000000000000000e+01 1.060000000000000053e+00 -1.903807282071882412e+01 -1.969259421840067432e+02 -3.108164956370475096e+01
5.400000000000000000e+01 1.080000000000000071e+00 -1.909877145207799032e+01 -1.950142473414232143e+02 -2.883813578790579157e+01
5.500000000000000000e+01 1.100000000000000089e+00 -1.915762399356249546e+01 -1.930253054134364277e+02 -2.657362360208205132e+01
5.600000000000000000e+01 1.120000000000000107e+00 -1.921541781700683771e+01 -1.909568328872096856e+02 -2.428896099099350536e+01
5.700000000000000000e+01 1.140000000000000124e+00 -1.927017336156905003e+01 -1.888260111704221913e+02 -2.199977315597891092e+01
5.800000000000000000e+01 1.159999999999999920e+00 -1.931921933323798868e+01 -1.866548879008819313e+02 -1.972537960252169853e+01
5.900000000000000000e+01 1.179999999999999938e+00 -1.935988443800254544e+01 -1.844655107163968353e+02 -1.748509983610524543e+01
6.000000000000000000e+01 1.199999999999999956e+00 -1.938949738185160498e+01 -1.822799272547749752e+02 -1.529825336221301235e+01
6.100000000000000000e+01 1.219999999999999973e+00 -1.940624206433360754e+01 -1.801104895803406691e+02 -1.317611107629991452e+01
6.200000000000000000e+01 1.239999999999999991e+00 -1.941172315923515868e+01 -1.779307674634829084e+02 -1.109774943370683609e+01
6.300000000000000000e+01 1.260000000000000009e+00 -1.940840053390241593e+01 -1.757046351011071863e+02 -9.034196279746153024e+00
6.400000000000000000e+01 1.280000000000000027e+00 -1.939873405568154041e+01 -1.733959666901186836e+02 -6.956479459730243953e+00
6.500000000000000000e+01 1.300000000000000044e+00 -1.938518359191868967e+01 -1.709686364274228083e+02 -4.835626818971483054e+00
6.600000000000000000e+01 1.320000000000000062e+00 -1.936921969659068665e+01 -1.683954822246955985e+02 -2.650644306006920026e+00
6.700000000000000000e+01 1.340000000000000080e+00 -1.934835567019699454e+01 -1.656851968526960377e+02 -4.124502822722796447e-01
6.800000000000000000e+01 1.360000000000000098e+00 -1.931911549986775611e+01 -1.628554367969537680e+02 1.860058787572034689e+00
6.900000000000000000e+01 1.380000000000000115e+00 -1.927802317273309995e+01 -1.599238585429985164e+02 4.147986438865626901e+00
7.000000000000000000e+01 1.400000000000000133e+00 -1.922160267592315464e+01 -1.569081185763598398e+02 6.432436206948098700e+00
7.100000000000000000e+01 1.419999999999999929e+00 -1.914736403833692080e+01 -1.538220708682939630e+02 8.697902489183883645e+00
7.200000000000000000e+01 1.439999999999999947e+00 -1.905676145594884474e+01 -1.506643593329623627e+02 1.094244313103692612e+01
7.300000000000000000e+01 1.459999999999999964e+00 -1.895223516650224482e+01 -1.474298253702530133e+02 1.316750683999595140e+01
7.400000000000000000e+01 1.479999999999999982e+00 -1.883622540774043230e+01 -1.441133103800539459e+02 1.537454232354971495e+01
7.500000000000000000e+01 1.500000000000000000e+00 -1.871117241740672199e+01 -1.407096557622530497e+02 1.756499828918696693e+01
7.600000000000000000e+01 1.520000000000000018e+00 -1.857843684128862805e+01 -1.372124146172035353e+02 1.973987086599249707e+01
7.700000000000000000e+01 1.540000000000000036e+00 -1.843506095735049044e+01 -1.336099868471196430e+02 2.189834586943528194e+01
7.800000000000000000e+01 1.560000000000000053e+00 -1.827700745160081297e+01 -1.298894840546804517e+02 2.403915653658032170e+01
7.900000000000000000e+01 1.580000000000000071e+00 -1.810023901004814206e+01 -1.260380178425654378e+02 2.616103610449261296e+01
8.000000000000000000e+01 1.600000000000000089e+00 -1.790071831870099572e+01 -1.220426998134538792e+02 2.826271781023717367e+01
8.100000000000000000e+01 1.620000000000000107e+00 -1.767585487330483573e+01 -1.178992233360612545e+02 3.034015299650241460e+01
8.200000000000000000e+01 1.640000000000000124e+00 -1.742884540855283504e+01 -1.136376088432482874e+02 3.237816542847043877e+01
8.300000000000000000e+01 1.660000000000000142e+00 -1.716433346887511391e+01 -1.092964585339118599e+02 3.435879697694674206e+01
8.400000000000000000e+01 1.679999999999999938e+00 -1.688696259870178196e+01 -1.049143746069488259e+02 3.626408951273680970e+01
8.500000000000000000e+01 1.699999999999999956e+00 -1.660137634246294169e+01 -1.005299592612560389e+02 3.807608490664618017e+01
8.600000000000000000e+01 1.719999999999999973e+00 -1.630993030287601187e+01 -9.616351557476885148e+01 3.978184721082097042e+01
8.700000000000000000e+01 1.739999999999999991e+00 -1.600582831580754117e+01 -9.176215014157612870e+01 4.138852920276977443e+01
8.800000000000000000e+01 1.760000000000000009e+00 -1.567998627541138923e+01 -8.725467043480514917e+01 4.290830584134178594e+01
8.900000000000000000e+01 1.780000000000000027e+00 -1.532332007584141209e+01 -8.256988392758327677e+01 4.435335208538625551e+01
9.000000000000000000e+01 1.800000000000000044e+00 -1.492674561125145516e+01 -7.763659809303767645e+01 4.573584289375233425e+01
9.100000000000000000e+01 1.820000000000000062e+00 -1.448282914653228914e+01 -7.240096257141387071e+01 4.706022508175242081e+01
9.200000000000000000e+01 1.840000000000000080e+00 -1.399073842952233981e+01 -6.687849567142954754e+01 4.830003289055133564e+01
9.300000000000000000e+01 1.860000000000000098e+00 -1.345129157879695114e+01 -6.110205786892068147e+01 4.942107241777708992e+01
9.400000000000000000e+01 1.880000000000000115e+00 -1.286530671293146177e+01 -5.510450963972314042e+01 5.038914976105767352e+01
9.500000000000000000e+01 1.900000000000000133e+00 -1.223360195050120680e+01 -4.891871145967282075e+01 5.117007101802106916e+01
9.600000000000000000e+01 1.919999999999999929e+00 -1.155647507754114756e+01 -4.257356628119350006e+01 5.172940788508164900e+01
9.700000000000000000e+01 1.939999999999999947e+00 -1.083214254992464021e+01 -3.608214696306015412e+01 5.203179445379942081e+01
9.800000000000000000e+01 1.959999999999999964e+00 -1.005830049098465651e+01 -2.945356884063572522e+01 5.204163041452067517e+01
9.900000000000000000e+01 1.979999999999999982e+00 -9.232645024054171756e+00 -2.269694724928315566e+01 5.172331545759177374e+01
1.000000000000000000e+02 2.000000000000000000e+00 -8.352872272466161263e+00 -1.582139752436535929e+01 5.104124927335907813e+01
1.010000000000000000e+02 2.020000000000000018e+00 -7.417090756514156169e+00 -8.845447252806117433e+00 4.996100778139382470e+01
1.020000000000000000e+02 2.040000000000000036e+00 -6.425058584333909195e+00 -1.825273027772738033e+00 4.845287181816675570e+01
1.030000000000000000e+02 2.060000000000000053e+00 -5.376946261021729789e+00 5.173536306006582208e+00 4.648829844937350941e+01
1.040000000000000000e+02 2.080000000000000071e+00 -4.272924291673924735e+00 1.208539190380366790e+01 4.403874474070975964e+01
1.050000000000000000e+02 2.100000000000000089e+00 -3.113163181386806144e+00 1.884470492089031879e+01 4.107566775787109492e+01
1.060000000000000000e+02 2.120000000000000107e+00 -1.902164027361289200e+00 2.538544262719360844e+01 3.759439689176262789e+01
1.070000000000000000e+02 2.140000000000000124e+00 -6.617502952167217956e-01 3.163979675126167734e+01 3.368575083412706306e+01
1.080000000000000000e+02 2.160000000000000142e+00 5.819239573229442186e-01 3.753951513629792913e+01 2.946442060191658641e+01
1.090000000000000000e+02 2.180000000000000160e+00 1.802704672533755215e+00 4.301634562550574259e+01 2.504509721208334128e+01
1.100000000000000000e+02 2.200000000000000178e+00 2.974437792691758453e+00 4.800203606208852136e+01 2.054247168157949943e+01
